300
-511836 -56031 -34864 -542556 
327209 471561 -292416 -207071 
624900 89156 -86271 -761975 
-329559 93796 -486704 -905904 
743369 -9264 -750000 -560559 
-987584 60689 466624 430769 
-85975 -118279 -928311 -89264 
-10076 181584 -195279 628649 
20196 -882975 -805296 532249 
836929 -251036 -951999 456849 
138916 -887600 509889 607809 
-662524 775361 -361975 -826151 
599249 648400 -925104 414416 
-167324 -517296 -850716 610241 
-492796 205796 397601 81321 
553449 -166044 902736 -377856 
588401 587136 54225 -270684 
-970775 -237111 -515324 472900 
946724 430884 -255119 -888796 
-400924 281424 -155439 -925231 
-518879 -895519 714576 -231424 
-433244 965169 -384816 -441991 
-164400 -956319 -137564 -615951 
664281 315216 510544 -960999 
-90511 -528599 552121 269921 
-872519 -979039 665024 -743900 
754304 -598839 -581519 -947319 
-283900 -290271 922969 -360000 
-756924 541225 11721 163025 
768025 -666431 -920071 -155975 
635225 -958959 851236 129969 
105600 100281 587689 -84400 
-801024 62129 -519375 -818684 
609600 -421679 -186236 -535311 
349796 -682304 372225 -482496 
531009 277584 -191 -437500 
-732351 -150775 -70204 -710431 
296324 977616 -113884 -298439 
-462400 344400 -920496 906521 
473441 701956 -247900 586201 
931961 175241 541904 365721 
198969 748484 945600 901025 
-653884 553600 -163356 804176 
851204 -672576 392961 -285711 
-45824 153041 -151616 93904 
958544 -624975 -169375 638596 
-591119 296324 375625 664100 
-178556 133764 -558656 535376 
-372400 342736 -458599 -920124 
-771504 665209 546244 -184896 
-560000 -414256 677921 75921 
-97500 -539836 648196 27889 
349025 -488496 -388391 472801 
568081 70961 718976 400369 
-190400 -731996 549609 759236 
-578799 263401 613841 729124 
-704799 61289 220225 -988864 
599241 503025 351361 18384 
429924 782416 510289 233956 
-890876 498921 -870551 252369 
908624 -976944 876721 -355584 
396649 -469479 -100864 664784 
678096 -488775 -816176 -269116 
-53031 -805936 -626871 -992431 
319721 867025 642624 598449 
-371264 758769 842176 -113584 
-308951 -454191 554276 -523959 
-400919 779684 407716 -899599 
661489 -594375 642329 -177359 
-514876 -12544 777600 -811456 
960601 -554351 77089 -975100 
688225 -61404 -15484 -460871 
-781404 235401 -649244 -434224 
963716 62500 518025 58596 
374756 -477500 295744 661521 
937664 -929775 439616 -333824 
436944 732196 -626624 -579351 
654884 167025 277121 -162775 
-62896 -42684 -112711 902729 
-62551 428496 506884 -659711 
2500 287025 473600 790784 
877161 581444 35881 -999600 
585984 987136 206400 -851900 
822025 -569216 -949376 590121 
-702975 148544 912964 970404 
-203975 -772031 -291036 770041 
-226399 -365959 -487775 -534511 
-658671 -18775 -279600 868689 
-169436 -234304 -662591 88225 
-892879 -326144 -441775 28496 
564225 -270076 822569 -571399 
471556 -993984 -239004 496900 
-167004 -543775 821456 -777500 
153809 772361 101689 356356 
-200896 919936 202225 775761 
450009 651236 -971999 -973759 
-255079 -683775 666025 747009 
281129 699225 -219375 -790464 
-605824 509169 -794944 639616 
-413775 75281 -366679 -211975 
422025 -760519 542729 -665271 
909444 594256 923600 188900 
-400636 -154876 -263471 -561991 
750369 -444284 -376319 909761 
-891975 -347319 385209 -892604 
700196 -830784 -229936 972164 
929489 719696 521249 390916 
321401 -455964 262116 -513071 
970761 553609 -426951 -442079 
651396 306884 -897500 -67751 
700225 927929 83409 -475184 
-281724 304644 -934656 -601536 
-307504 -454431 -542144 632836 
299204 -663100 -943831 514816 
39376 325401 288336 -305431 
653225 33104 683441 500129 
904009 -15639 -451399 26521 
-467039 970244 419776 495056 
22401 322025 -466231 -56256 
327025 -52519 -923056 248100 
-913024 -215216 788644 -715056 
-999879 -582551 216196 570009 
-724736 -125071 -306831 -280256 
-330624 696100 295361 -390191 
-539676 -28476 835536 922704 
709209 641681 -943351 -581519 
871524 -877500 -186399 88225 
567296 247969 -62556 -35996 
-494400 225225 -489536 206169 
875441 186225 479056 221961 
136761 -657984 927044 -351100 
747009 497761 -434311 536900 
-789056 -735975 487076 384900 
-630400 160804 -705031 332041 
-922799 -484764 530489 -880551 
-517911 -781351 254724 535524 
748804 -342704 940496 132481 
-231424 326849 -812239 -692224 
-390471 -599191 810921 -177584 
738569 -440624 920609 -210844 
417641 384521 -915776 820100 
-823071 422724 -715456 868689 
553025 -793724 -259559 -928604 
237929 -218684 -535344 691169 
-114816 888900 -944151 -722871 
-715164 808441 -750000 167044 
-587644 680356 527876 492561 
199609 -314624 -367975 -701839 
-359324 222761 -983671 -307776 
528241 446544 259536 -664631 
927844 799689 -558599 -851591 
-970044 -702039 -996975 335236 
177841 -992764 785600 -937199 
-200679 -121244 -688764 -325039 
-51191 -843959 -202951 -299375 
-204604 -619271 443600 -457439 
627209 391521 -155599 71744 
-897500 291209 -934975 -8839 
497600 291209 -258775 -467911 
708100 242201 268416 851081 
369961 389441 -23311 -79471 
955721 146641 545209 -474311 
905721 511876 522500 -119975 
613169 -920636 971225 -40000 
-360896 354944 370384 949604 
-78524 -279311 -521399 921049 
-944751 896169 -599375 -405824 
400100 -463519 -19375 651236 
-324375 630404 -940399 -521831 
865956 436529 -570416 -113916 
-742976 -829104 87504 906521 
224384 969984 889409 792784 
-156636 163236 -923775 262564 
461904 11761 -330176 273225 
-249904 -845551 -449271 198689 
913636 -976924 -832304 -510400 
-117184 -782876 -53919 -224559 
-990000 824521 918369 698576 
-231600 274641 824784 -972671 
-27151 -54204 551609 -331900 
-510000 423556 -732431 278736 
-292400 933089 -898096 528336 
-196796 -621775 292224 -48156 
-587804 -950784 880900 -545079 
-851351 801600 -80319 -701744 
759025 582724 327889 -712975 
196225 -277519 633329 116289 
801249 665225 -788479 -404400 
-809136 -403504 -470076 -361264 
730916 980121 -60159 -947900 
-513751 612944 -482239 347441 
726225 -725564 805625 -575900 
89924 279721 -761911 -295600 
491169 -900284 76249 -948444 
0 101801 -768999 -99831 
668836 -357936 798321 968481 
429225 393225 2761 480625 
-677436 943296 -717404 94081 
458801 -969999 543876 891344 
478544 156449 563225 599241 
-540316 612736 573001 -177500 
-866911 -185344 68816 949225 
-219791 -82775 -467100 583561 
702500 764496 520100 -849600 
-895900 -418816 -337975 195225 
717169 169009 -205104 -239036 
872164 76100 392896 31529 
391769 -601136 201764 668225 
-931356 -328975 586724 -99439 
-892924 433536 -799744 939856 
139264 740416 -845119 -391951 
-17564 -527351 -481431 -255975 
750656 -71900 205625 -398364 
964100 720464 578244 788409 
100625 -683484 -835996 -306364 
522500 -31664 278849 62464 
394704 -741839 -917296 690241 
-886431 -161039 -456831 368489 
390916 -611871 -74911 -41999 
-572604 -156156 787044 -254336 
553801 787844 753921 172836 
-198911 -112959 -182784 -533824 
893776 51161 584164 886096 
-678775 -438400 880489 840000 
81476 315201 -417991 -642684 
44100 75369 258289 -109724 
-897404 -572604 424241 -850631 
-532399 747649 89600 -995231 
141604 -479744 498849 407481 
675396 302561 -809724 -900399 
-484375 -231119 199225 10609 
689600 143409 -848796 96225 
-351975 712400 -733564 -782400 
50001 75169 360256 -589071 
457796 847809 201225 -21296 
461041 -152604 -689856 120144 
198729 645481 118025 192641 
981569 -316336 -65975 -856079 
-256919 -429319 -24031 494116 
781444 340196 -910000 75600 
-740975 385601 659041 852889 
-794775 -945584 -208284 -110000 
-722816 573025 882225 -146044 
-8704 529616 -699100 -851964 
180544 56400 -204959 -63104 
390025 677921 40400 297984 
722481 -98204 452481 607424 
634816 620416 527929 210049 
-271100 447121 428681 888704 
401664 981156 771776 -105724 
433361 -797500 585921 551521 
-384671 -582400 254724 -126439 
-420764 670756 -312775 -409919 
666521 238400 713424 -699644 
756225 473441 303044 -45311 
410244 -699375 566336 -321671 
-519375 -511119 -918759 -264384 
-969024 -855964 537169 460249 
111025 -310239 -808839 -99679 
-500764 -937799 -637975 281664 
489321 26596 456384 667849 
-1000000 -671591 537849 -89264 
-230791 -332511 -809264 -39151 
-421696 -444764 -999831 8481 
-941151 271025 375929 622225 
8644 -848944 -595516 -365871 
-813376 525625 -123079 -674524 
-804839 529536 -810591 -398831 
-903319 -922799 -224391 -580864 
462889 -308864 252025 -630336 
486081 945924 -966144 803281 
-556279 -937500 -167984 533201 
-476544 -190000 495876 -340784 
806436 -138031 178929 649604 
850596 430809 127129 -692784 
-582551 760889 -558396 -285199 
358761 -371100 -494999 -573039 
75921 -415839 -119856 -811824 
613201 102500 -297975 -403900 
901025 -903164 158724 380529 
341584 542849 -175975 -390751 
-481191 458089 719184 -41856 
711044 785636 521025 164889 
-432079 -597596 -258864 -532796 
-952111 615524 -456636 881664 
492561 -205679 121936 -606844 
561529 740100 -854679 -550464 
-110000 451489 991364 -445519 
-198391 412849 269201 360000 
-775975 -275151 81104 666025 
-984151 -542599 -386775 290084 
-266176 20289 372224 242116 
955041 -78256 -869404 -292631 
849764 -653079 492201 911296 
-447775 -568764 489289 -520284 
-772951 -436400 998144 -55551 
566201 -346975 5124 553025 
-175936 494400 173184 -102119 
342241 -607839 -503100 -2239 
358761 -919551 -700156 504384 
