300
-229975 -408576 205625 -207900 
300625 64896 608329 967401 
804944 -638319 489225 -60975 
-375900 834816 -962775 -391216 
48849 665600 -788604 -524375 
856025 -81151 -914556 401744 
772544 -697664 774736 819844 
-13756 -612911 -918716 922500 
520849 -902031 -905191 -180476 
179441 139369 -437056 677376 
-402076 750625 -482556 -671959 
-48975 633369 -562736 202961 
-390039 -847900 892121 -849916 
-695351 380561 942400 288996 
491524 886784 -87644 -346624 
773796 539689 -743484 -201031 
536001 977444 -435439 241 
384644 593476 950641 528976 
83536 -195775 225616 -627975 
-453504 -734556 43600 -411100 
-97536 -55600 -408576 747009 
280400 -303900 -876119 772961 
-850736 -321564 -40124 18889 
-978231 229249 716736 299204 
-10039 -698799 -199375 159041 
-749824 70401 105361 720196 
141649 -231744 891600 -795164 
-724016 -649831 352025 -477775 
272481 502649 -903856 -247600 
-527191 -197824 -201471 -112304 
-651356 839876 -407296 -601264 
-723376 737361 -82039 -190976 
575225 -871984 104196 -359759 
166224 -398239 817476 -747516 
-710831 -484400 895809 -285975 
-640176 -713775 -970816 -24079 
-224031 470976 128769 450321 
216721 -458304 -508391 -594031 
-621775 -350519 -368704 968356 
-102631 209796 914281 -787631 
-405951 -541671 -253439 -268031 
373225 35684 667076 -208759 
-628400 572900 -721271 506409 
-303936 756849 -171824 -496124 
-180359 -39036 882441 839929 
-201404 -504624 527936 -326144 
-970359 45321 606849 311076 
-230975 -767164 -930831 -965711 
-395004 621764 -900144 -642639 
213456 -514224 -557439 -573559 
-155639 -386879 -699996 638400 
896129 -467359 -919151 -590844 
-716464 550864 343889 405089 
-387431 961156 -277916 -223279 
-250524 -873600 -982704 -476559 
176849 -430975 163449 -546975 
436304 -459511 930489 628304 
640625 484689 967616 435281 
435369 -159111 813881 -724775 
196196 -346239 357361 -843184 
-398364 375044 124649 -57136 
-818524 -473776 444761 363769 
-407311 -84400 -384991 -343559 
860921 -364975 292041 918641 
607696 -956319 222500 -770039 
-110000 425625 -186236 -219039 
-670556 -141564 957764 899241 
-734991 -952239 184676 -456391 
-983671 366336 -431424 812836 
415744 897600 815225 57936 
-629879 -28519 163904 -625231 
-762775 525136 -665600 -938496 
489321 99204 -508775 -143900 
797904 233600 -924924 855844 
-915639 -485936 567129 272201 
-724375 -985975 -981311 980025 
-479164 388281 307536 -862144 
-394375 -92864 910921 -778999 
772176 -18775 -845551 -159111 
340224 151424 696900 826769 
-954304 139809 -226751 -915991 
-959804 949796 721761 -77839 
-806399 470025 -984359 -416816 
-160959 502436 -800896 609284 
643536 4169 -971951 -783631 
-851964 -735516 -660111 -738176 
406025 329764 -897719 -179900 
-224471 -683184 954929 -911991 
986649 -896991 833449 376225 
846329 -535799 -369116 296484 
584676 -637744 -996784 14641 
505881 567209 -123431 -244359 
846481 401024 -504796 -523100 
-227100 -658671 855921 -687100 
1616 -431431 -969600 164900 
-838556 390564 183481 391081 
-342400 185796 955025 -258736 
390625 873636 904064 -388124 
296321 834496 161600 -604359 
685056 692096 550625 53504 
-780736 522244 12361 514916 
846729 -411551 987600 416356 
-881456 -952911 -607804 -97600 
-359964 -821039 -698719 867264 
-754975 -708544 267801 801689 
-974876 487025 -108284 -46199 
627281 -142679 702500 -739904 
-799519 -315584 832336 780736 
447844 -734375 416256 -537151 
-764316 758756 -402159 608401 
657444 -299100 -421244 -884271 
-99164 510400 358596 -505879 
-244636 -507196 215236 363601 
-119676 -598044 -781471 -213596 
-529600 -336304 365316 -935071 
-887996 -145559 272025 932304 
111329 851441 361156 240000 
567524 -228416 -874416 -117244 
640384 -822759 -7039 573225 
584516 -120431 432100 -505471 
34929 668225 -510000 882449 
69225 -702279 -485775 -49975 
-964016 -40119 -919871 -538239 
298449 -857871 -918716 -770999 
466724 -767036 999001 721041 
777600 -19375 -557711 231044 
-240071 861444 -87975 -309975 
604081 -962204 -598311 432100 
267569 365225 -345991 729296 
858409 160196 -557436 159929 
-228784 -103744 -233831 953649 
-468759 -104156 244729 987844 
333969 489225 279729 306361 
898944 -192951 473441 316224 
416100 119025 675584 95561 
-887216 -881559 800625 -971071 
-24551 -850975 500164 190681 
22436 -539471 533201 -658671 
373889 289209 -910000 30544 
956025 560900 -189975 -562864 
241481 424256 -106975 373156 
-973564 304464 324036 31056 
-516156 802500 -958111 188900 
991921 697600 894569 805584 
943236 359209 353881 50761 
675396 -759036 -749756 -269596 
560164 982096 335961 325649 
-969436 -566396 206656 670276 
-374999 -772311 -531804 366561 
616521 -545244 -133116 -445031 
140625 511396 86400 -948016 
-516975 860624 -983036 628609 
-749824 -650975 315776 -617756 
785025 737604 466641 49209 
830225 459129 -158016 911201 
-592124 133056 844169 740176 
-71775 -875964 459984 26521 
144516 302500 -884239 -212400 
15625 -269351 501241 -597936 
-583831 91249 -450224 132356 
-110751 390601 -330176 407481 
-598044 -461311 521025 -86844 
587600 128321 357481 -347964 
262481 -759351 -186396 942121 
71376 651601 754025 -317839 
-860975 653796 617024 941376 
194681 584804 -511296 -413919 
975625 -441279 -113775 216921 
-974144 -885759 143696 -882176 
-26716 -920399 836100 540416 
-18551 -100144 383225 -951775 
841025 455236 -728031 10756 
-376775 -844976 -971164 -401116 
-667471 493641 436356 181284 
376676 -466864 906116 -20784 
-710716 -974079 -498911 209689 
439556 745609 -676784 -476559 
526544 740944 987025 -752999 
-89119 393929 -861631 572900 
-707036 348849 625 -702044 
629284 456449 -952159 845904 
15449 -91996 942756 -798431 
-579900 -944975 -607100 -250544 
818496 912225 -808839 222500 
332100 670721 281024 449289 
593104 -377856 299876 897089 
-622400 321721 81609 238244 
-14400 -189056 549924 305476 
568324 816996 510400 -667484 
-790799 829849 -680191 837444 
-231196 -498224 349056 -837564 
411409 -929039 -691775 -755676 
-320871 -734871 -627456 -313311 
252529 147881 44225 968321 
-86204 816900 -118991 -878119 
-975 -674239 878416 460409 
-93596 588729 -429279 -934239 
-68784 -831900 -372924 82225 
572569 547536 519376 -559671 
-503039 493889 817521 -639775 
-649375 979904 -212016 -348359 
625625 -694375 193889 980544 
579136 -195900 140401 270916 
-449375 -868796 573696 -450816 
-510384 -165519 359729 -170944 
56025 -983600 -703511 492561 
-208759 -310364 -614876 -169319 
-595359 984016 840016 -416284 
-729984 906756 -513799 -323439 
-389404 -195804 -601276 223569 
-429504 684736 47641 354244 
-903424 -707036 -180400 463969 
-421679 730064 -930044 -795839 
-925744 888196 -726364 -12636 
-244591 370225 483969 -372119 
-803231 -512256 695329 803556 
-689775 721856 -731996 936004 
-261936 774596 934336 487321 
974729 -726911 -482304 235561 
-632791 274624 -353116 -983039 
-725311 774656 562500 -240000 
-177500 995684 60689 163876 
344900 241761 610116 -694076 
3889 466969 322244 27600 
-52839 34561 -953079 660100 
-166400 841296 -957564 605156 
-988976 -34471 324081 836996 
653529 996900 480225 -868316 
-722871 -534071 -135164 853025 
102116 997441 733041 666404 
-104156 282881 124025 -916351 
839104 202500 619129 -915431 
998884 794436 -906624 261476 
768100 -495100 584516 -743744 
618129 575729 -360000 51001 
181681 933281 -849375 -429871 
902144 -39791 111441 -571900 
-89600 17241 -446524 246209 
171961 813025 224324 998569 
-120191 -573775 251856 241025 
-371031 -934464 -554556 -370364 
-923964 -959839 640900 -497856 
-523751 896009 -329319 -806399 
-788479 -996791 -224375 72016 
289536 695129 234081 436304 
32256 -924224 -732871 -871559 
-958336 -629975 -646751 952001 
-847996 942400 -976999 166276 
-95599 753225 -342319 -283776 
889361 395204 209649 -797500 
-740991 131321 837056 -278400 
-200624 -419356 261129 206544 
-173596 956324 935104 -224031 
-48319 -793984 -842039 416900 
841124 691225 -651356 -328956 
571600 940001 913600 623481 
-150976 -466684 322529 928196 
944900 -198064 227584 795561 
210384 53361 640000 -54159 
452816 -54704 641841 -193600 
-58496 208644 -895775 -176796 
-603184 824121 500289 -663559 
-341936 -233271 -804784 632704 
-69916 -165244 -243839 892864 
-977856 820816 -399375 -425856 
792249 223236 249025 23524 
-891824 157369 -951004 -923271 
453121 997601 500100 -698816 
533521 -167004 -167900 -66071 
234944 833601 -944375 16644 
-508599 489321 483584 107856 
418944 -967600 620416 -958256 
596100 -594199 -848351 -236639 
167396 540324 -711676 -494400 
318209 -407439 944196 -747311 
90009 533956 -119344 -531959 
202500 -394716 -488919 -595324 
-470364 -234431 187441 -297776 
-366775 -8831 -179900 -671591 
147929 -192896 -984999 -779456 
-770551 -187100 800625 -493031 
-983900 -415239 -884231 0 
364196 300625 -3376 780496 
-993775 -83719 -499376 366561 
-138111 -695004 -270439 133764 
132196 221721 648769 -980679 
-996400 6321 920964 437584 
-718556 -971696 265424 -96871 
822500 616025 -274364 488489 
-90479 -468400 -635584 745316 
981696 -706556 -864944 -711964 
-839959 674921 730704 845449 
-19375 -137276 -533084 649296 
-991744 419536 -507399 -519375 
-107351 317056 134241 -215599 
667809 730625 -339164 -941756 
-446784 -521856 563249 -863231 
492561 400625 316689 -247351 
788196 548100 -527599 811204 
580225 417369 -323004 450625 
