300
-998319 30089 -880444 -750000 
450561 244176 744484 892164 
-50556 -512704 -452975 -858975 
-995039 147929 221521 -758919 
-29975 -388636 299929 550096 
176881 276816 225604 -976591 
-914736 313924 491241 -711344 
-200476 811025 669809 -980924 
-817559 125444 493161 -512256 
-205111 637401 -808775 891236 
862209 -36279 67684 -909111 
-665071 752896 249881 459521 
-767991 169424 -350791 -809264 
-193756 21049 481369 353881 
-909271 -112919 845841 -394716 
683856 211225 -603900 392964 
-917056 -628764 721600 959364 
101696 -68096 282916 -321975 
-507900 279441 896900 622500 
180036 272201 18449 -411696 
297641 340129 -960944 -837884 
787536 -814400 -338844 -594624 
-927239 -889136 99136 -711279 
-560124 -789671 -341631 885444 
789924 -665276 739041 604681 
357889 -856775 520321 596964 
471616 -395100 356529 317636 
178929 132996 210441 -724975 
-98224 741184 312900 977241 
7729 -481671 979409 -353856 
328196 -375900 923921 300496 
746025 404289 559025 -450524 
-751039 250704 -977500 322500 
-2519 932176 49156 764900 
645449 496481 -747951 -472431 
-81151 -29631 -770991 806689 
353025 370281 419681 218564 
-343159 513744 242084 -697084 
-419964 780900 386569 -227776 
-190000 -826719 -987356 -260975 
108100 -563119 85376 768369 
-683696 -970711 484025 -670319 
-25596 -77500 904681 -141104 
871876 440400 123216 8441 
913104 -806399 -169776 466256 
-425039 -589244 -997191 996001 
910724 -468156 610000 -651056 
-411871 -781911 897984 801449 
523904 485289 89249 861241 
-223900 784689 -567031 -483804 
-252519 -996544 -465775 -462599 
-640000 552001 -122639 781136 
748804 -728191 -261824 176064 
-847664 346881 -329879 420804 
-791975 635225 566649 721649 
653529 -481431 310596 -692991 
472704 40000 117764 797924 
536400 881616 -19196 508961 
728921 -443196 -495919 502649 
102784 998884 657444 93264 
-542556 -375959 -123900 537649 
329764 -671519 -365775 860544 
-47664 -496879 -495196 -62044 
129984 -796975 227584 -158684 
-44956 872996 -734375 -564511 
-842839 700164 -463664 -994944 
-221839 872004 -456316 859801 
-579559 -521399 -347751 -117424 
963664 -176679 755625 -253056 
-240000 -699900 126009 943161 
15321 737344 586801 824521 
-284975 714929 20004 -957775 
-230876 781225 759744 593476 
-67311 -604951 -331776 -211376 
380561 -360284 569841 461721 
40576 506241 607424 230864 
30625 408025 792356 869401 
368481 -521856 -278975 -836400 
671524 -914991 -532679 -669071 
5841 792016 -544031 -24159 
-542599 -951031 -342044 676601 
-962751 -991975 -129791 -186944 
-902204 371025 662144 103524 
127025 -761244 -883004 -86599 
-308144 290241 477796 -618831 
-398031 166025 -495775 -877191 
-168256 -187136 356224 -306975 
-398031 -604464 -920959 -484636 
133316 -7676 -768639 172736 
-945584 -70716 -177359 -330079 
-363775 -797500 -164071 537156 
57936 112281 269264 20721 
666009 -39424 -968284 -159900 
-484975 -618799 870596 105969 
-983324 232484 -299776 -495676 
-48631 -890975 -510236 -373119 
-919196 140625 31529 483396 
-249404 -121024 -516444 463876 
994384 -614719 -980111 924900 
-944831 -279791 -479676 -136671 
879529 352900 108169 118224 
564864 580225 622404 910400 
399369 -828871 59204 -198199 
897729 -109375 -619151 701776 
506529 -679216 -410279 100761 
186009 -485376 -574975 373649 
-574375 806961 -885936 -979836 
-402716 -186204 -331904 -590000 
-859031 889600 -657431 388676 
632900 -111100 -944775 -326111 
-476479 577600 58816 780889 
71225 502500 -980400 525636 
263025 597376 64361 -484375 
-716224 -370364 384964 795204 
751641 -278844 883684 -556351 
-129799 434256 36324 -800704 
-987839 -984896 840000 139569 
-276400 709476 180100 -370951 
-91100 -300775 699776 671529 
33849 926564 322896 -898119 
-874076 931396 -910775 -840831 
-201071 496676 -109375 -256871 
685641 397184 -671071 390400 
637604 861444 -984871 -36784 
965169 854121 938025 875625 
597696 -772400 -535196 869456 
300900 146276 638121 -145559 
100921 -350791 449409 110400 
444100 -274224 315344 628169 
-596400 -235799 -729756 241241 
-190000 750369 405764 -13916 
973225 182049 721529 440000 
19364 460721 303809 -182400 
-306551 400976 951529 -908336 
758769 622769 -920399 -877500 
91600 15184 -181951 883456 
-445975 -228400 894321 919616 
-262775 -89264 -130816 422500 
-694671 815225 -450864 -17344 
-356124 553449 -307324 -590551 
-340431 539441 729161 -931679 
-693184 572484 166689 -747456 
722089 540416 -787775 969681 
-517071 -791359 44441 -160775 
20481 780624 111616 321025 
274809 709444 -154944 -889244 
-724284 -951216 -597151 -531839 
691024 -220631 -203551 -834711 
-170079 373225 344489 -968896 
855625 391844 -58271 -731836 
-747484 -606879 153081 30625 
-511319 730625 -625159 336900 
-356124 780356 192025 -840911 
-177500 -309596 -646159 335401 
-330751 -845244 -320231 -946844 
-130864 972049 550976 -252975 
-530556 260304 -793839 -910000 
734569 -77119 -778975 771025 
-287836 377444 -632679 389129 
139776 851684 69504 -855751 
-336384 -395071 -198400 -268031 
-234375 -114816 -698876 -627900 
34289 -35376 -715456 -816975 
422561 916561 601600 614144 
-170775 -571900 -866991 -297079 
480100 371025 -461391 30596 
859801 27600 937936 -257436 
-887775 -279919 260864 836025 
-730304 -623239 -578991 -338759 
250625 -310336 -978736 964009 
967401 557136 364721 -732871 
822089 -329319 -275359 937600 
562969 122276 -598799 -70071 
-353775 394489 453369 616064 
-121024 371201 185664 -653919 
128900 -560816 512729 -320944 
505625 -86204 -811996 500900 
526369 -320591 20816 -746991 
-669159 611569 -441564 583769 
180100 553241 645121 -302400 
962896 -606236 -950839 353569 
623281 -56384 -614876 229824 
-437500 292025 -249375 -631479 
-908191 -537916 125604 -504991 
-474944 -732096 -173159 122496 
5569 -344375 -812975 -621056 
862116 -132316 129361 -71356 
-426639 580225 -732479 -788864 
-791775 731600 -669975 -341936 
909124 -263100 -820799 -807671 
-438576 -121216 231104 357569 
-755100 836169 -930199 -487391 
-977071 -560271 -440000 326961 
-579775 -30775 -999216 -899151 
-529591 -640256 -338751 693769 
-836719 -709631 492401 911761 
-478256 -359036 -630336 843600 
-669159 90564 242116 -691456 
-890684 -523900 186601 -57351 
244900 -615600 -440496 -377511 
-424704 933089 261225 -484924 
-415775 533444 81609 -154359 
978176 999504 -74071 282881 
-485951 354756 -556864 652025 
729124 -8924 718921 -949375 
-673975 62001 -542599 -825984 
365056 -464775 -294704 -151036 
205625 -124431 -435836 190416 
714704 -394816 221476 335236 
25929 -223959 -980784 -42975 
431876 -244656 390625 588649 
-600775 153296 149696 197881 
502596 928036 -838464 -750896 
-67904 -17756 512324 836025 
630225 279161 -667100 -698719 
890625 -955879 173769 522596 
696100 -277500 -941756 -970044 
-342551 184609 -354944 -43696 
-775936 -263356 -693711 746116 
787809 -310044 847809 233536 
-978096 743376 708489 749369 
-102119 344784 -360000 -633600 
-542876 -807836 -597500 464025 
512321 -10304 681409 512976 
-292551 -905719 -930396 -319279 
623121 -597296 643524 -595591 
-105724 -71600 181604 927929 
-323439 158161 38884 -572919 
304064 619161 -391159 -819991 
583025 667961 -537984 561664 
-690775 -252031 -136796 236921 
849284 259844 -592631 88100 
794521 -137244 -549936 221521 
673681 -840951 -704775 -477639 
853969 419161 -996636 -910000 
188841 797696 -476311 -73775 
-51975 74225 988900 235521 
-235056 786944 -401276 818116 
-272775 -95900 466256 751076 
-775600 -65775 454401 -215319 
-846775 -180959 -247900 -293596 
-636671 -379056 -103471 -230576 
361936 58721 888769 -839936 
469481 324100 -31271 -622231 
-999216 -766144 949284 840000 
715041 553225 -143324 147041 
-563111 -100311 979409 -652975 
-219776 680625 624976 -734359 
-177500 -250396 -50519 -975751 
958596 -193600 -666544 -961999 
128889 -665216 769041 842496 
595241 -355975 898276 -542144 
-509744 -268924 739556 -946431 
-762239 -438704 795600 -669404 
-747559 -997756 -292159 -227904 
17481 -227775 -518396 -603871 
231376 171481 -764975 -175356 
866929 955961 97636 -496176 
-174876 382404 -943351 -169751 
357361 24144 -269504 156900 
484996 -277519 -320944 -114864 
44100 391849 760016 839104 
110916 -630975 -674736 -938496 
-884919 -981056 -672839 -147004 
-759279 329764 177284 -672384 
-69975 106704 -477639 935441 
-375356 -825071 414724 -930044 
840281 -879996 452196 270416 
681444 316689 816964 -471516 
313316 -734336 963369 405625 
358609 773764 586404 71249 
-206396 -491100 -978736 160000 
-30716 -401599 -204096 -879296 
-290076 -708400 739225 -69375 
-227356 527489 -103104 -550391 
90724 890609 85584 850201 
97856 92900 793601 -544375 
-567036 -947559 230400 683600 
793600 431609 126244 -260975 
455625 -372736 -985679 -683484 
-105596 737316 933796 -913084 
-68656 -54239 -384956 241569 
255625 -14775 -266559 -774375 
828225 398784 138756 -995100 
-180975 567296 -523751 -202556 
-466079 714576 477401 165961 
-891100 77929 722500 434889 
555625 28100 549169 -135104 
-754431 633284 586449 -691504 
349796 210896 991281 962601 
-851775 -724975 875569 -919984 
-102431 -119871 624896 400900 
769664 -597376 756961 -802775 
759104 567129 -62896 141636 
535376 678276 -667184 335184 
50001 -670400 122276 -845239 
-110751 477321 767481 643521 
-120439 -30775 -521975 532225 
-41344 102500 -391775 -193119 
-587904 -984444 373449 -626524 
